%U1308_depth(mcd)
0
0.128736472
0.257472944
0.386209417
0.514945889
0.643682361
0.70195917
0.775631951
0.849304732
0.905027878
0.995711058
1.004255879
1.028696932
1.138149316
1.2476017
1.357054084
1.496477052
1.635900021
1.775322989
1.914745958
2.054168926
2.193591894
2.333014863
2.472437831
2.572829153
2.673220474
2.773611796
2.792774823
2.909654919
3.026535015
3.14341511
3.260295206
3.377175302
3.477339658
3.562065247
3.646790836
3.647400825
3.762105333
3.876809841
4.003406772
4.130003702
4.256600633
4.383197563
4.499548028
4.615898494
4.732248959
4.876946231
5.021643502
5.166340774
5.311038045
5.455735317
5.600432588
5.74512986
5.889827131
6.034524403
6.179221674
6.323918946
6.468616217
6.613313489
6.75801076
6.902708032
7.047405303
7.192102575
7.336799846
7.481497118
7.626194389
7.770891661
7.915588932
8.060286204
8.204983475
8.349680747
8.494378018
8.63907529
8.783772561
8.8092935
8.946329448
9.083365396
9.217960898
9.3525564
9.487151902
9.621747404
9.756342906
9.890938408
10.02553391
10.10687484
10.24094725
10.37501966
10.50909207
10.64316447
10.77723688
10.91130929
11.0453817
11.0988961
11.2293128
11.3597295
11.49014621
11.62056291
11.75097961
11.88139631
11.9305092
11.95094649
12.0912827
12.23161891
12.37195512
12.51229133
12.65262754
12.79296376
12.93329997
13.07363618
13.21397239
13.3543086
13.49464481
13.63498102
13.68955503
13.76410117
13.8386473
13.85005569
13.98500127
14.11994685
14.25489243
14.38983801
14.52478358
14.65972916
14.79467474
14.92962032
15.0645659
15.14925977
15.23395363
15.3278481
15.42174257
15.50891447
15.58766155
15.66640862
15.66728397
15.77479867
15.88231336
15.96811613
16.0539189
16.19645903
16.33899916
16.48153929
16.62112099
16.76070269
16.9002844
17.0398661
17.1794478
17.3190295
17.45861121
17.59819291
17.73777461
17.87970247
18.02163033
18.1635582
18.30548606
18.44741392
18.58934178
18.73126965
18.87319751
19.01512537
19.15705323
19.29898109
19.44090896
19.58283682
19.72476468
19.86669254
20.00862041
20.15054827
20.29247613
20.43440399
20.57633185
20.71825972
20.86018758
21.00211544
21.1440433
21.28597117
21.42789903
21.56982689
21.6597532
21.7496795
21.82316897
21.89665843
21.98172948
22.06948345
22.17438746
22.27929147
22.38419548
22.41986645
22.54396825
22.66807006
22.79217186
22.91627366
23.0611164
23.20595914
23.35080189
23.49564463
23.64048737
23.74631785
23.89165385
24.03698985
24.18232586
24.32766186
24.47299786
24.61833386
24.76366986
24.90900586
25.05434187
25.19967787
25.34501387
25.49034987
25.63568587
25.78102187
25.92635788
26.07169388
26.21702988
26.36236588
26.50770188
26.65303788
26.79837389
26.94370989
27.08904589
27.11329614
27.2349703
27.36045941
27.48594852
27.61143763
27.66570749
27.69524297
27.82529337
27.95534378
28.08539418
28.21544458
28.355848
28.46365828
28.57146855
28.67927883
28.75283006
28.83529974
28.93019996
29.02807671
29.12595346
29.22383021
29.34194431
29.46005841
29.5781725
29.6962866
29.8144007
29.95896861
30.10353651
30.24810442
30.39267233
30.53724023
30.68180814
30.82637605
30.97094395
31.11551186
31.26007977
31.40464768
31.54921558
31.69378349
31.8383514
31.9829193
32.12748721
32.27205512
32.41662302
32.56119093
32.70575884
32.85032674
32.99489465
33.13946256
33.28403046
33.42859837
33.57316628
33.71773419
33.86230209
34.00687
34.15143791
34.29600581
34.44057372
34.58514163
34.72970953
34.87427744
34.88366827
35.01889648
35.13356509
35.26799438
35.40242366
35.53685295
35.67128223
35.80571152
35.94007498
36.07443845
36.20880191
36.34316538
36.47752884
36.56159608
36.64566331
36.79003611
36.93440891
37.07878171
37.2231545
37.3675273
37.5119001
37.6562729
37.8006457
37.9450185
38.0893913
38.23376409
38.37813689
38.52250969
38.66688249
38.81125529
38.95562809
39.10000089
39.24437368
39.38874648
39.53311928
39.67749208
39.77605184
39.87461159
39.97317135
39.97871155
40.00578803
40.08492125
40.16405447
40.29813232
40.34170587
40.37331222
40.43454788
40.48396235
40.6127672
40.74157204
40.87037689
40.98784139
41.11588104
41.2439207
41.37196035
41.5
