/* DATA DESCRIPTION:
Citation:	Lambert, Fabrice; Delmonte, Barbara; Petit, Jean Robert; Bigler, Matthias; Kaufmann, Patrik R; Hutterli, Manuel A; Stocker, Thomas F; Ruth, Urs; Steffensen, Jørgen Peder; Maggi, Valter (2008): Fine particle percentage measured with a laser particle counter of ice core EDC [dataset]. PANGAEA, https://doi.org/10.1594/PANGAEA.695987, 
	In supplement to: Lambert, F et al. (2008): Dust-climate couplings over the past 800,000 years from the EPICA Dome C ice core. Nature, 452, 616-619, https://doi.org/10.1038/nature06763
Project(s):	European Project for Ice Coring in Antarctica (EPICA) (URI: https://en.wikipedia.org/wiki/European_Project_for_Ice_Coring_in_Antarctica)
Funding:	Fifth Framework Programme (FP5), grant/award no. EVK2-CT-2000-00077: European Project for Ice Coring in Antarctica (URI: https://cordis.europa.eu/project/id/EVK2-CT-2000-00077)
	Fourth Framework Programme (FP4), grant/award no. ENV4980702: European Project for Ice Coring in Antarctica (URI: https://cordis.europa.eu/project/id/ENV4980702)
Coverage:	LATITUDE: -75.100000 * LONGITUDE: 123.350000
	DATE/TIME START: 1993-01-01T00:00:00 * DATE/TIME END: 2004-12-31T00:00:00
	MINIMUM ELEVATION: 3233.0 m * MAXIMUM ELEVATION: 3233.0 m
Event(s):	EDC (EPICA Dome C) (URI: https://en.wikipedia.org/wiki/Dome_C) * LATITUDE: -75.100000 * LONGITUDE: 123.350000 * DATE/TIME START: 1993-01-01T00:00:00 * DATE/TIME END: 2004-12-31T00:00:00 * ELEVATION: 3233.0 m * RECOVERY: 3300 m * LOCATION: Dome C, Antarctica * CAMPAIGN: Dome_C * METHOD/DEVICE: Ice drill (ICEDRILL) * COMMENT: Drill site is 56 km from the site of a previous Dome C core that provided records extending into the last glacial period, and 560 km from the site of the Vostok cores. The completion of the Dome C core was delayed when the first drilling became stuck at 788 m in 1999 (EDC96).
Parameter(s):	Age model [ka] (Age model) * PI: Parrenin, Frédéric (https://orcid.org/0000-0002-9489-3991, frederic.parrenin@univ-grenoble-alpes.fr)
	Fine particle percentage (FPP) * PI: Stocker, Thomas F (https://orcid.org/0000-0003-1245-2728, thomas.stocker@climate.unibe.ch) * METHOD/DEVICE: Laser particle counter, KLOTZ * COMMENT: normalized, 2 kyr running meann
License:	Creative Commons Attribution 3.0 Unported (CC-BY-3.0) (URI: https://creativecommons.org/licenses/by/3.0/)
Size:	788 data points
*/
Age model [ka]	FPP
44.431	0.8832
45.517	1.2362
46.466	0.7937
47.522	1.1953
48.510	0.3361
49.526	0.7685
50.602	0.7757
51.671	1.6535
52.668	0.6023
53.714	1.3056
54.843	1.5324
55.813	1.5232
56.903	1.2801
57.904	0.6602
58.936	0.9276
60.020	1.6504
61.094	1.4433
62.144	1.1595
63.326	1.2344
64.340	1.1747
65.415	1.0344
66.541	0.6607
67.666	0.2068
68.751	0.7094
69.854	0.9282
70.873	0.1034
71.910	0.2149
73.066	0.5809
74.090	-0.1876
75.114	0.4378
76.202	0.5061
77.179	0.5065
78.252	0.5432
79.374	0.1307
80.440	0.1755
81.499	-0.0990
82.469	-0.6396
83.545	-2.0768
84.589	-2.0817
85.710	-1.7408
86.735	-0.8533
87.891	-0.2070
88.899	-1.8579
89.963	-1.3166
91.046	-0.9611
92.040	-1.4168
93.104	-1.1488
94.133	-1.3550
95.132	-1.0567
96.182	-0.3390
97.218	-0.1244
98.251	0.3150
99.318	-0.1563
100.374	-1.3328
101.410	-0.6788
102.479	0.4864
103.433	0.9307
104.572	0.4182
105.608	0.1095
106.601	-2.9099
107.653	-1.2040
108.776	-0.2634
109.756	-0.9666
110.811	-3.0453
111.865	-0.3879
112.907	-0.9530
114.004	-1.8378
115.010	-0.7293
116.085	-0.9288
117.197	-1.0453
118.224	-0.1629
119.227	-0.7640
120.279	-0.5276
121.370	0.4289
122.435	0.8115
123.486	0.8705
124.501	1.3116
125.506	1.2902
126.626	1.2025
127.622	0.4019
128.631	0.2438
129.696	-0.5836
130.738	-0.6602
131.742	-0.6557
132.871	1.4390
133.941	1.9341
135.036	1.8712
136.147	1.7655
137.347	1.9119
138.554	1.3565
139.627	1.3056
140.701	1.2071
141.787	0.7973
142.843	0.6840
143.903	1.5189
144.959	0.9843
146.043	1.1324
147.060	1.4479
148.123	1.4770
149.164	1.9423
150.167	1.9129
151.362	1.7911
152.389	1.7733
153.423	1.4152
154.527	0.8100
155.697	1.1786
156.915	1.4075
158.092	1.6979
159.105	1.4741
160.323	1.6997
161.443	1.0569
162.476	1.3266
163.506	0.8946
164.692	1.0374
165.887	1.2858
167.050	1.5042
168.117	1.5144
169.139	1.9195
170.226	1.7806
171.395	1.3530
172.415	1.7405
173.565	1.4605
174.761	1.4908
175.712	1.6340
176.958	1.1649
177.994	0.6888
179.060	1.4191
180.063	1.1613
181.086	1.3293
182.133	1.4093
183.195	0.8613
184.276	1.0576
185.353	1.2679
186.634	1.1992
187.733	0.7769
188.757	1.0171
189.911	1.2423
190.936	1.1567
192.127	1.3087
193.264	1.5452
194.515	0.6769
195.642	0.7553
196.686	1.0802
197.656	1.1845
198.715	1.0698
199.762	0.5818
200.795	0.1243
201.854	0.3654
203.089	0.7257
204.211	0.3656
205.264	0.4847
206.266	0.5861
207.441	0.0648
208.566	-0.7160
209.642	-1.0274
210.658	0.1470
211.701	0.5367
212.779	-0.3185
213.864	-0.6968
214.924	-0.4155
215.956	-0.6347
217.147	0.0871
218.292	0.4911
219.515	0.5134
220.589	-0.9124
221.809	-0.0010
223.119	0.6120
224.155	0.1245
225.165	-0.1354
226.342	-0.1106
227.526	0.2246
228.923	0.1672
229.872	0.3162
231.220	0.4076
232.182	0.4931
233.401	-0.7994
234.528	0.2534
235.814	0.0497
236.981	0.0308
238.122	0.5132
239.225	-0.0935
240.262	-0.1351
241.379	0.1944
242.425	-0.3380
243.495	-1.4118
244.609	-0.7083
245.552	-0.8323
246.688	0.2275
247.992	0.3283
249.235	0.2047
250.637	0.2529
251.719	0.6026
252.883	0.3766
254.035	0.2604
255.152	0.5548
256.298	-1.3323
257.375	-0.0235
258.448	-0.0698
259.532	0.6565
260.679	-0.8275
261.792	0.6143
262.939	0.1071
263.994	0.8095
265.077	0.3942
266.240	0.6185
267.500	0.1726
268.785	0.2444
270.107	0.1984
271.463	-0.6409
272.866	-0.5483
274.268	-0.0885
275.644	0.0688
276.971	-0.1731
278.310	0.2536
279.660	0.0135
280.831	-1.3434
282.033	-1.6644
283.178	-0.7696
284.271	0.2241
285.361	0.1408
286.413	0.5841
287.444	0.4367
288.426	0.2692
289.762	0.5661
291.018	-0.1956
292.485	0.0739
293.711	0.2998
295.018	0.4977
296.249	0.1479
297.480	0.2015
298.790	0.2909
300.035	0.1160
301.227	-0.0685
302.542	-0.2723
303.763	-0.0658
304.906	-1.7928
306.014	0.2385
307.269	0.3691
308.588	0.4315
309.873	0.3137
311.133	0.4512
312.356	0.4363
313.523	0.4759
314.616	0.7509
315.679	-0.0728
316.666	-0.3494
317.777	0.3486
319.006	-1.8953
320.254	-0.9700
321.396	-0.7525
322.458	-0.9932
323.437	-0.8727
324.648	-2.0331
325.802	-1.3504
326.887	-1.0131
327.949	-0.6872
329.001	-0.8213
330.083	-0.0041
331.179	0.2031
332.442	-0.6679
333.485	-1.0770
334.528	-1.8310
335.514	-0.9853
336.762	-0.7402
337.864	-0.1363
339.190	-0.3511
340.220	0.6912
341.454	0.5829
342.761	0.4456
344.041	0.5912
345.317	0.4065
346.557	0.1262
347.769	0.5582
348.969	0.6411
350.106	0.7970
351.300	0.6658
352.494	0.5849
353.670	0.3590
354.935	0.1643
356.268	0.0715
357.598	-0.8431
358.947	0.0999
360.248	0.1382
361.534	0.0368
362.766	0.3079
363.958	0.0467
365.224	-0.2194
366.456	-0.9820
367.688	-0.1514
368.963	0.4606
370.184	0.2924
371.345	0.1899
372.472	-1.0606
373.551	-3.5317
374.825	-2.4635
376.132	-0.8698
377.364	-0.0377
378.588	0.1594
379.748	0.1392
380.846	-0.9481
381.912	-2.3008
383.036	0.1503
384.256	0.2250
385.389	0.2052
386.469	0.0814
387.537	-0.5271
388.788	0.1115
390.135	-0.2115
391.345	-0.5200
392.515	-1.6030
393.580	-1.4341
395.057	-1.6523
396.413	-1.7940
397.677	-1.7682
398.935	-0.8924
400.143	-0.8949
401.276	-0.9200
402.380	-1.3993
403.444	-0.3828
404.529	-0.5373
405.617	-1.0986
406.690	-1.2981
407.746	-1.1549
408.849	-1.1555
409.980	-1.0830
411.194	-1.0076
412.507	-1.6096
413.902	-1.7652
415.384	-1.5678
416.874	-1.0118
417.860	-0.9299
418.889	-2.7850
419.929	-1.2917
421.013	-0.6568
422.171	-0.3371
423.359	0.2209
424.536	-0.1263
425.537	-0.1923
426.715	0.1626
428.065	0.5770
429.718	0.3489
431.767	0.1134
432.870	-0.0019
433.969	-0.0583
435.023	-0.1782
436.141	-0.1339
437.267	-0.2469
438.423	-0.0610
439.625	-0.0839
440.798	-0.0492
441.954	0.0085
443.120	-0.0035
444.216	-0.1283
445.342	-0.1712
446.471	0.0376
447.536	0.1285
448.573	0.1060
449.719	-0.0015
450.881	-0.2011
452.042	-0.3525
453.229	-0.2590
454.400	-0.0804
455.550	-1.1264
456.813	-0.7683
458.216	-0.3257
459.652	-0.3255
461.031	-0.2644
462.350	-0.0785
463.620	-0.0144
464.951	-0.0827
466.367	-0.2570
467.740	-0.1848
469.115	-0.3219
470.337	-0.6140
471.435	-1.9184
472.392	-1.5171
474.576	-0.6911
475.696	-1.1137
476.679	-1.7867
478.562	-1.5532
480.605	-3.7382
482.489	-1.3504
484.225	-2.4073
485.870	-1.3385
487.444	-1.1840
488.889	-0.9039
490.338	-1.8091
491.845	-0.8965
493.416	-0.8461
495.001	-0.6565
496.584	-0.8456
498.157	-0.2062
499.694	-0.2464
501.269	-0.8998
